1,2,3,4,5,1,2,3

Grouping1: 1,2,3,4,5 | 1,2,3 = 51.60
Grouping2: 1,2,3,4 | 1,2,3,5 = 51.20 <<<PREFERED!


32:
5555552 = 165.20
44444444 = 

-------------------------------

1,2,3,4,5
1,2,3
1,3
1,3
= 82.00

1,2,3,4
1,2,3,5
1,3
1,3
= 81.60


---------------------------------
12345
1234
1235
12
1
=104.40

---------------------------------
12345
1234
1235
125
1
=110.80

12345
12345
1235
12
1
=108.80

12345
1234
1235
12
15
=111.60


---------------------------------
122333444455555

12345
2345
345
45
5
=100.40

1345
2345
2345
45
5
=100